{
    "sp_em": 0.26,
    "sp_f1": 0.6253717948717944,
    "sp_prec": 0.7762424242424243,
    "sp_recall": 0.565
}