{
    "sp_em": 0.3,
    "sp_f1": 0.6840238095238091,
    "sp_prec": 0.8361666666666666,
    "sp_recall": 0.615
}