{
    "sp_em": 0.25,
    "sp_f1": 0.6832222222222218,
    "sp_prec": 0.8455952380952381,
    "sp_recall": 0.615
}