{
    "sp_em": 0.24,
    "sp_f1": 0.6496666666666662,
    "sp_prec": 0.8316666666666666,
    "sp_recall": 0.56
}