{
    "sp_em": 0.28,
    "sp_f1": 0.6786666666666663,
    "sp_prec": 0.8279166666666667,
    "sp_recall": 0.615
}